#Step	17-96	298-385
0	0.4560	0.4740
10	0.4619	0.4648
20	0.4666	0.4580
30	0.4697	0.4548
40	0.4720	0.4544
50	0.4747	0.4545
60	0.4780	0.4538
70	0.4810	0.4530
80	0.4822	0.4541
90	0.4806	0.4582
100	0.4770	0.4648
110	0.4728	0.4715
120	0.4693	0.4767
130	0.4669	0.4803
140	0.4646	0.4842
150	0.4612	0.4899
160	0.4562	0.4969
170	0.4506	0.5035
180	0.4461	0.5078
190	0.4438	0.5095
200	0.4437	0.5095
210	0.4444	0.5093
220	0.4447	0.5094
230	0.4443	0.5096
240	0.4443	0.5087
250	0.4456	0.5063
260	0.4488	0.5025
270	0.4530	0.4983
280	0.4570	0.4949
290	0.4597	0.4932
300	0.4607	0.4934
310	0.4608	0.4947
320	0.4613	0.4961
330	0.4631	0.4969
340	0.4657	0.4976
350	0.4678	0.4989
360	0.4679	0.5017
370	0.4654	0.5058
380	0.4610	0.5100
390	0.4565	0.5128
400	0.4531	0.5133
410	0.4511	0.5125
420	0.4492	0.5123
430	0.4460	0.5139
440	0.4415	0.5161
450	0.4372	0.5165
460	0.4350	0.5137
470	0.4356	0.5085
480	0.4380	0.5033
490	0.4401	0.4992
500	0.4407	0.4956
510	0.4401	0.4904
520	0.4397	0.4820
530	0.4410	0.4714
540	0.4439	0.4613
550	0.4470	0.4543
560	0.4491	0.4512
570	0.4501	0.4509
580	0.4507	0.4514
590	0.4520	0.4517
600	0.4545	0.4524
610	0.4576	0.4543
620	0.4603	0.4583
630	0.4618	0.4642
640	0.4623	0.4711
650	0.4624	0.4779
660	0.4630	0.4839
670	0.4644	0.4883
680	0.4663	0.4907
690	0.4677	0.4915
700	0.4677	0.4914
710	0.4657	0.4914
720	0.4622	0.4917
730	0.4587	0.4909
740	0.4564	0.4871
750	0.4557	0.4796
760	0.4558	0.4692
770	0.4554	0.4587
780	0.4535	0.4507
790	0.4506	0.4460
800	0.4480	0.4427
810	0.4471	0.4387
820	0.4477	0.4329
830	0.4487	0.4271
840	0.4487	0.4238
850	0.4476	0.4243
860	0.4467	0.4278
870	0.4480	0.4321
880	0.4517	0.4355
890	0.4563	0.4381
900	0.4595	0.4414
910	0.4604	0.4468
920	0.4602	0.4544
930	0.4608	0.4634
940	0.4636	0.4720
950	0.4677	0.4791
960	0.4714	0.4849
970	0.4733	0.4898
980	0.4740	0.4939
990	0.4749	0.4964
1000	0.4773	0.4966
